P1	P1_age	foxyear	julian	type	repryear
2	2	2009	44	pl.scars	2009
4	1	2008	44	pl.scars	2008
4	5	2013	9	pl.scars	2013
3	6	2012	142	pl.scars	2012
3	4	2013	311	pl.scars	2013
6	5	2013	37	pl.scars	2013
5	2	2013	32	pl.scars	2013
3	8	2013	48	pl.scars	2013
4	1	2013	97	pl.scars	2013
6	4	2014	181	pl.scars	2014
3	2	2014	235	pl.scars	2014
3	2	2009	66	pl.scars	2009
6	4	2010	39	pl.scars	2010
5	1	2010	323	pl.scars	2010
4	6	2015	79	pl.scars	2015
3	2	2015	73	pl.scars	2015
10	4	2015	79	pl.scars	2015
2	1	2015	52	pl.scars	2015
6	2	2015	56	pl.scars	2015
6	8	2010	324	pl.scars	2010
5	5	2010	NA	pl.scars	2010
8	7	2010	NA	pl.scars	2010
5	2	2010	50	pl.scars	2010
1	5	2015	67	pl.scars	2015
5	7	2005	201	pl.scars	2005
5	5	2005	295	pl.scars	2005
5	3	2005	295	pl.scars	2005
7	3	2005	195	pl.scars	2005
3	3	2005	329	pl.scars	2005
5	2	2005	320	pl.scars	2005
4	3	2005	294	pl.scars	2005
5	3	2005	257	pl.scars	2005
4	2	2005	250	pl.scars	2005
4	2	2004	91	pl.scars	2004
4	2	2004	103	pl.scars	2004
4	1	2004	92	pl.scars	2004
6	3	2004	89	pl.scars	2004
3	2	2005	111	pl.scars	2005
4	1	2006	348	pl.scars	2006
4	3	2006	324	pl.scars	2006
1	5	2006	96	pl.scars	2006
4	5	2005	24	pl.scars	2005
4	2	2006	231	pl.scars	2006
5	3	2005	210	pl.scars	2005
4	2	2006	204	pl.scars	2006
3	1	2006	195	pl.scars	2006
5	3	2006	313	pl.scars	2006
4	2	2005	60	pl.scars	2005
2	4	2005	52	pl.scars	2005
7	2	2006	252	pl.scars	2006
4	5	2005	88	pl.scars	2005
4	3	2005	88	pl.scars	2005
5	5	2005	82	pl.scars	2005
3	2	2004	71	pl.scars	2004
4	3	2005	67	pl.scars	2005
5	3	2005	57	pl.scars	2005
4	1	2005	45	pl.scars	2005
6	2	2005	66	pl.scars	2005
3	3	2005	79	pl.scars	2005
5	3	2006	41	pl.scars	2006
7	3	2006	62	pl.scars	2006
5	3	2007	199	pl.scars	2007
4	0	2007	NA	pl.scars	2007
4	5	2006	59	pl.scars	2006
6	1	2006	70	pl.scars	2006
5	2	2006	34	pl.scars	2006
7	10	2007	287	pl.scars	2007
5	1	2007	265	pl.scars	2007
6	5	2007	244	pl.scars	2007
4	1	2007	347	pl.scars	2007
7	4	2006	64	pl.scars	2006
5	2	2007	271	pl.scars	2007
7	2	2006	53	pl.scars	2006
6	4	2006	43	pl.scars	2006
7	4	2006	52	pl.scars	2006
3	3	2006	64	pl.scars	2006
1	8	2006	25	pl.scars	2006
6	3	2006	46	pl.scars	2006
3	6	2006	53	pl.scars	2006
4	1	2006	41	pl.scars	2006
3	5	2006	38	pl.scars	2006
1	1	2006	2	pl.scars	2006
4	1	2007	NA	pl.scars	2007
6	2	2007	96	pl.scars	2007
5	2	2007	35	pl.scars	2007
6	1	2008	314	pl.scars	2008
5	1	2008	84	pl.scars	2008
1	3	2008	76	pl.scars	2008
5	2	2008	97	pl.scars	2008
10	1	2008	14	pl.scars	2008
3	10	2008	80	pl.scars	2008
5	2	2008	72	pl.scars	2008
2	6	2008	49	pl.scars	2008
7	1	2008	46	pl.scars	2008
6	1	2008	48	pl.scars	2008
5	2	2009	190	pl.scars	2009
6	6	2008	93	pl.scars	2008
3	1	2009	326	pl.scars	2009
5	2	2008	59	pl.scars	2008
5	3	2009	203	pl.scars	2009
3	2	2009	196	pl.scars	2009
7	5	2010	197	pl.scars	2010
7	4	2010	323	pl.scars	2010
1	2	2009	56	pl.scars	2009
11	2	2009	56	pl.scars	2009
2	1	2008	95	pl.scars	2008
8	1	2010	73	pl.scars	2010
4	1	2010	18	pl.scars	2010
3	1	2010	60	pl.scars	2010
3	2	2011	94	pl.scars	2011
5	1	2012	214	pl.scars	2012
6	1	2012	204	pl.scars	2012
4	1	2011	50	pl.scars	2011
2	1	2011	54	pl.scars	2011
9	2	2012	99	pl.scars	2012
2	4	2013	297	pl.scars	2013
11	4	2012	91	pl.scars	2012
3	1	2012	36	pl.scars	2012
7	1	2012	93	pl.scars	2012
4	1	2012	52	pl.scars	2012
5	1	2012	71	pl.scars	2012
1	1	2012	98	pl.scars	2012
3	1	2012	100	pl.scars	2012
4	2	2013	34	pl.scars	2013
5	3	2013	34	pl.scars	2013
6	2	2013	36	pl.scars	2013
1	2	2013	63	pl.scars	2013
5	6	2013	65	pl.scars	2013
4	3	2013	63	pl.scars	2013
6	2	2014	56	pl.scars	2014
4	3	2014	49	pl.scars	2014
4	3	2014	49	pl.scars	2014
4	6	2014	63	pl.scars	2014
5	3	2014	84	pl.scars	2014
6	3	2015	195	pl.scars	2015
4	10	2015	294	pl.scars	2015
2	2	2014	63	pl.scars	2014
3	1	2015	60	pl.scars	2015
5	1	2015	24	pl.scars	2015
6	4	2015	28	pl.scars	2015
1	4	2015	64	pl.scars	2015
6	2	2016	60	pl.scars	2016
5	4	2016	58	pl.scars	2016
5	1	2016	68	pl.scars	2016
4	5	2016	77	pl.scars	2016
6	1	2016	66	pl.scars	2016
6	1	2016	82	pl.scars	2016
1	1	2016	14	pl.scars	2016
4	2	2016	71	pl.scars	2016
6	3	2010	27	pl.scars	2010
6	2	2010	28	pl.scars	2010
5	3	2010	57	pl.scars	2010
6	3	2010	265	pl.scars	2010
3	1	2010	364	pl.scars	2010
4	1	2008	15	pl.scars	2008
6	6	2008	64	pl.scars	2008
9	2	2011	212	pl.scars	2011
9	1	2011	47	pl.scars	2011
5	1	2011	351	pl.scars	2011
6	4	2008	70	pl.scars	2008
4	1	2008	61	pl.scars	2008
4	2	2009	198	pl.scars	2009
2	1	2009	281	pl.scars	2009
4	1	2012	238	pl.scars	2012
4	1	2012	196	pl.scars	2012
5	1	2012	207	pl.scars	2012
2	2	2012	287	pl.scars	2012
4	2	2012	221	pl.scars	2012
6	1	2012	221	pl.scars	2012
6	2	2012	286	pl.scars	2012
6	1	2011	19	pl.scars	2011
7	1	2011	258	pl.scars	2011
6	1	2012	213	pl.scars	2012
6	1	2011	40	pl.scars	2011
5	1	2011	4	pl.scars	2011
6	1	2011	36	pl.scars	2011
6	1	2008	9	pl.scars	2008
5	2	2017	74	pl.scars	2017
4	1	2017	26	pl.scars	2017
2	2	2017	66	pl.scars	2017
10	6	2018	47	pl.scars	2018
7	3	2018	54	pl.scars	2018
5	6	2018	71	pl.scars	2018
6	1	2017	20	pl.scars	2017
5	2	2017	46	pl.scars	2017
5	3	2018	1	pl.scars	2018
7	2	2009	72	embryos	2010
8	1	2013	81	embryos	2014
3	0	2015	101	embryos	2016
5	0	2015	91	embryos	2016
3	8	2015	116	embryos	2016
5	1	2015	101	embryos	2016
5	2	2004	103	embryos	2005
5	1	2004	99	embryos	2005
4	1	2004	103	embryos	2005
5	5	2004	115	embryos	2005
6	0	2004	101	embryos	2005
8	4	2005	NA	embryos	2006
5	3	2004	94	embryos	2005
5	2	2004	112	embryos	2005
4	2	2004	115	embryos	2005
2	5	2004	101	embryos	2005
6	2	2004	101	embryos	2005
3	6	2004	114	embryos	2005
3	2	2004	103	embryos	2005
3	1	2004	127	embryos	2005
4	7	2004	99	embryos	2005
5	2	2004	109	embryos	2005
5	6	2004	115	embryos	2005
3	2	2004	116	embryos	2005
3	1	2004	103	embryos	2005
4	5	2004	117	embryos	2005
5	3	2004	104	embryos	2005
5	2	2004	117	embryos	2005
5	2	2004	103	embryos	2005
5	7	2004	99	embryos	2005
5	2	2004	88	embryos	2005
5	0	2005	111	embryos	2006
4	0	2005	111	embryos	2006
8	0	2005	109	embryos	2006
6	2	2005	103	embryos	2006
8	3	2005	104	embryos	2006
8	5	2005	93	embryos	2006
7	2	2005	75	embryos	2006
7	3	2006	133	embryos	2007
7	1	2006	99	embryos	2007
4	8	2006	101	embryos	2007
6	2	2006	101	embryos	2007
6	0	2007	125	embryos	2008
5	0	2007	74	embryos	2008
5	1	2007	54	embryos	2008
6	0	2007	69	embryos	2008
5	0	2007	73	embryos	2008
7	2	2007	73	embryos	2008
5	7	2007	101	embryos	2008
9	2	2007	103	embryos	2008
5	1	2007	76	embryos	2008
4	0	2007	93	embryos	2008
3	0	2007	100	embryos	2008
3	1	2007	100	embryos	2008
3	0	2007	107	embryos	2008
7	2	2007	65	embryos	2008
5	6	2007	101	embryos	2008
4	6	2008	104	embryos	2009
3	3	2008	114	embryos	2009
2	2	2008	104	embryos	2009
4	1	2008	95	embryos	2009
4	2	2008	105	embryos	2009
8	1	2010	87	embryos	2011
5	0	2010	104	embryos	2011
8	2	2010	100	embryos	2011
7	3	2010	87	embryos	2011
7	0	2011	86	embryos	2012
7	1	2011	110	embryos	2012
5	1	2011	103	embryos	2012
7	1	2011	88	embryos	2012
6	6	2011	100	embryos	2012
4	0	2011	85	embryos	2012
5	1	2011	80	embryos	2012
7	0	2011	75	embryos	2012
6	3	2011	86	embryos	2012
3	5	2011	86	embryos	2012
4	0	2011	86	embryos	2012
4	1	2011	107	embryos	2012
4	2	2011	110	embryos	2012
5	1	2011	103	embryos	2012
5	0	2011	100	embryos	2012
7	2	2013	103	embryos	2014
5	4	2014	84	embryos	2015
3	0	2015	110	embryos	2016
2	1	2015	83	embryos	2016
5	1	2015	91	embryos	2016
3	0	2016	97	embryos	2017
4	1	2016	113	embryos	2017
9	3	2010	70	embryos	2011
4	0	2010	77	embryos	2011
5	0	2010	99	embryos	2011
6	0	2010	94	embryos	2011
7	0	2010	84	embryos	2011
5	2	2010	100	embryos	2011
4	0	2010	100	embryos	2011
7	2	2010	NA	embryos	2011
5	1	2011	79	embryos	2012
6	1	2011	104	embryos	2012
6	0	2011	102	embryos	2012
6	1	2011	104	embryos	2012
6	0	2011	81	embryos	2012
7	3	2011	81	embryos	2012
4	0	2011	105	embryos	2012
5	0	2011	100	embryos	2012
3	0	2011	75	embryos	2012
1	0	2011	104	embryos	2012
3	1	2011	61	embryos	2012
5	0	2011	65	embryos	2012
11	2	2017	111	embryos	2018
6	0	2017	100	embryos	2018
3	2	2018	87	embryos	2019
8	2	2018	115	embryos	2019
9	2	2017	97	embryos	2018
9	2	2017	104	embryos	2018
8	2	2017	73	embryos	2018
5	1	2017	105	embryos	2018
9	0	2017	93	embryos	2018
6	2	2017	112	embryos	2018
